30.0 2.0 25.0 9.0 0
61.0 2.0 25.0 9.0 0
92.0 2.0 25.0 9.0 0
123.0 2.0 25.0 9.0 0
154.0 2.0 25.0 9.0 0
185.0 2.0 25.0 9.0 0
216.0 2.0 25.0 9.0 0
247.0 2.0 25.0 9.0 1
278.0 2.0 25.0 9.0 1
309.0 2.0 25.0 9.0 1
340.0 2.0 25.0 9.0 1
371.0 2.0 25.0 9.0 1
402.0 2.0 25.0 9.0 1
433.0 2.0 25.0 9.0 1
464.0 2.0 25.0 9.0 1
495.0 2.0 25.0 9.0 1
526.0 2.0 25.0 9.0 1
557.0 2.0 25.0 9.0 1
588.0 2.0 25.0 9.0 1
619.0 2.0 25.0 9.0 1
30.0 15.0 25.0 9.0 0
61.0 15.0 25.0 9.0 1
92.0 15.0 25.0 9.0 1
123.0 15.0 25.0 9.0 1
154.0 15.0 25.0 9.0 1
185.0 15.0 25.0 9.0 1
216.0 15.0 25.0 9.0 1
247.0 15.0 25.0 9.0 5
278.0 15.0 25.0 9.0 1
309.0 15.0 25.0 9.0 1
340.0 15.0 25.0 9.0 1
371.0 15.0 25.0 9.0 1
402.0 15.0 25.0 9.0 1
433.0 15.0 25.0 9.0 1
464.0 15.0 25.0 9.0 1
495.0 15.0 25.0 9.0 1
526.0 15.0 25.0 9.0 1
557.0 15.0 25.0 9.0 1
588.0 15.0 25.0 9.0 1
619.0 15.0 25.0 9.0 1
30.0 28.0 25.0 9.0 1
61.0 28.0 25.0 9.0 1
92.0 28.0 25.0 9.0 1
123.0 28.0 25.0 9.0 1
154.0 28.0 25.0 9.0 1
185.0 28.0 25.0 9.0 1
216.0 28.0 25.0 9.0 1
247.0 28.0 25.0 9.0 1
278.0 28.0 25.0 9.0 1
309.0 28.0 25.0 9.0 1
340.0 28.0 25.0 9.0 1
371.0 28.0 25.0 9.0 1
402.0 28.0 25.0 9.0 1
433.0 28.0 25.0 9.0 1
464.0 28.0 25.0 9.0 1
495.0 28.0 25.0 9.0 1
526.0 28.0 25.0 9.0 1
557.0 28.0 25.0 9.0 1
588.0 28.0 25.0 9.0 1
619.0 28.0 25.0 9.0 1
30.0 41.0 25.0 9.0 1
61.0 41.0 25.0 9.0 1
92.0 41.0 25.0 9.0 1
123.0 41.0 25.0 9.0 1
154.0 41.0 25.0 9.0 1
185.0 41.0 25.0 9.0 1
216.0 41.0 25.0 9.0 1
247.0 41.0 25.0 9.0 1
278.0 41.0 25.0 9.0 1
309.0 41.0 25.0 9.0 1
340.0 41.0 25.0 9.0 1
371.0 41.0 25.0 9.0 1
402.0 41.0 25.0 9.0 1
433.0 41.0 25.0 9.0 1
464.0 41.0 25.0 9.0 1
495.0 41.0 25.0 9.0 1
526.0 41.0 25.0 9.0 1
557.0 41.0 25.0 9.0 1
588.0 41.0 25.0 9.0 1
619.0 41.0 25.0 9.0 1
30.0 54.0 25.0 9.0 1
61.0 54.0 25.0 9.0 1
92.0 54.0 25.0 9.0 1
123.0 54.0 25.0 9.0 1
154.0 54.0 25.0 9.0 1
185.0 54.0 25.0 9.0 1
216.0 54.0 25.0 9.0 1
247.0 54.0 25.0 9.0 1
278.0 54.0 25.0 9.0 5
309.0 54.0 25.0 9.0 1
340.0 54.0 25.0 9.0 1
371.0 54.0 25.0 9.0 1
402.0 54.0 25.0 9.0 1
433.0 54.0 25.0 9.0 1
464.0 54.0 25.0 9.0 1
495.0 54.0 25.0 9.0 1
526.0 54.0 25.0 9.0 1
557.0 54.0 25.0 9.0 1
588.0 54.0 25.0 9.0 1
619.0 54.0 25.0 9.0 1
30.0 67.0 25.0 9.0 1
61.0 67.0 25.0 9.0 1
92.0 67.0 25.0 9.0 1
123.0 67.0 25.0 9.0 1
154.0 67.0 25.0 9.0 1
185.0 67.0 25.0 9.0 1
216.0 67.0 25.0 9.0 1
247.0 67.0 25.0 9.0 1
278.0 67.0 25.0 9.0 1
309.0 67.0 25.0 9.0 1
340.0 67.0 25.0 9.0 1
371.0 67.0 25.0 9.0 1
402.0 67.0 25.0 9.0 1
433.0 67.0 25.0 9.0 1
464.0 67.0 25.0 9.0 1
495.0 67.0 25.0 9.0 1
526.0 67.0 25.0 9.0 1
557.0 67.0 25.0 9.0 1
588.0 67.0 25.0 9.0 1
619.0 67.0 25.0 9.0 1
30.0 80.0 25.0 9.0 1
61.0 80.0 25.0 9.0 1
92.0 80.0 25.0 9.0 1
123.0 80.0 25.0 9.0 1
154.0 80.0 25.0 9.0 1
185.0 80.0 25.0 9.0 1
216.0 80.0 25.0 9.0 1
247.0 80.0 25.0 9.0 1
278.0 80.0 25.0 9.0 1
309.0 80.0 25.0 9.0 1
340.0 80.0 25.0 9.0 1
371.0 80.0 25.0 9.0 1
402.0 80.0 25.0 9.0 1
433.0 80.0 25.0 9.0 1
464.0 80.0 25.0 9.0 1
495.0 80.0 25.0 9.0 1
526.0 80.0 25.0 9.0 1
557.0 80.0 25.0 9.0 1
588.0 80.0 25.0 9.0 1
619.0 80.0 25.0 9.0 1
30.0 93.0 25.0 9.0 1
61.0 93.0 25.0 9.0 1
92.0 93.0 25.0 9.0 1
123.0 93.0 25.0 9.0 1
154.0 93.0 25.0 9.0 1
185.0 93.0 25.0 9.0 1
216.0 93.0 25.0 9.0 1
247.0 93.0 25.0 9.0 1
278.0 93.0 25.0 9.0 1
309.0 93.0 25.0 9.0 1
340.0 93.0 25.0 9.0 1
371.0 93.0 25.0 9.0 1
402.0 93.0 25.0 9.0 1
433.0 93.0 25.0 9.0 1
464.0 93.0 25.0 9.0 1
495.0 93.0 25.0 9.0 1
526.0 93.0 25.0 9.0 1
557.0 93.0 25.0 9.0 1
588.0 93.0 25.0 9.0 1
619.0 93.0 25.0 9.0 1
30.0 106.0 25.0 9.0 1
61.0 106.0 25.0 9.0 1
92.0 106.0 25.0 9.0 1
123.0 106.0 25.0 9.0 1
154.0 106.0 25.0 9.0 1
185.0 106.0 25.0 9.0 1
216.0 106.0 25.0 9.0 1
247.0 106.0 25.0 9.0 1
278.0 106.0 25.0 9.0 1
309.0 106.0 25.0 9.0 1
340.0 106.0 25.0 9.0 1
371.0 106.0 25.0 9.0 1
402.0 106.0 25.0 9.0 1
433.0 106.0 25.0 9.0 1
464.0 106.0 25.0 9.0 1
495.0 106.0 25.0 9.0 1
526.0 106.0 25.0 9.0 1
557.0 106.0 25.0 9.0 1
588.0 106.0 25.0 9.0 1
619.0 106.0 25.0 9.0 1
30.0 119.0 25.0 9.0 1
61.0 119.0 25.0 9.0 1
92.0 119.0 25.0 9.0 1
123.0 119.0 25.0 9.0 1
154.0 119.0 25.0 9.0 1
185.0 119.0 25.0 9.0 1
216.0 119.0 25.0 9.0 1
247.0 119.0 25.0 9.0 1
278.0 119.0 25.0 9.0 1
309.0 119.0 25.0 9.0 1
340.0 119.0 25.0 9.0 1
371.0 119.0 25.0 9.0 1
402.0 119.0 25.0 9.0 4
433.0 119.0 25.0 9.0 1
464.0 119.0 25.0 9.0 1
495.0 119.0 25.0 9.0 1
526.0 119.0 25.0 9.0 1
557.0 119.0 25.0 9.0 1
588.0 119.0 25.0 9.0 1
619.0 119.0 25.0 9.0 1
30.0 132.0 25.0 9.0 1
61.0 132.0 25.0 9.0 1
92.0 132.0 25.0 9.0 1
123.0 132.0 25.0 9.0 1
154.0 132.0 25.0 9.0 1
185.0 132.0 25.0 9.0 1
216.0 132.0 25.0 9.0 1
247.0 132.0 25.0 9.0 1
278.0 132.0 25.0 9.0 1
309.0 132.0 25.0 9.0 1
340.0 132.0 25.0 9.0 1
371.0 132.0 25.0 9.0 1
402.0 132.0 25.0 9.0 1
433.0 132.0 25.0 9.0 1
464.0 132.0 25.0 9.0 1
495.0 132.0 25.0 9.0 1
526.0 132.0 25.0 9.0 1
557.0 132.0 25.0 9.0 1
588.0 132.0 25.0 9.0 1
619.0 132.0 25.0 9.0 1
30.0 145.0 25.0 9.0 1
61.0 145.0 25.0 9.0 1
92.0 145.0 25.0 9.0 1
123.0 145.0 25.0 9.0 1
154.0 145.0 25.0 9.0 1
185.0 145.0 25.0 9.0 1
216.0 145.0 25.0 9.0 1
247.0 145.0 25.0 9.0 1
278.0 145.0 25.0 9.0 1
309.0 145.0 25.0 9.0 1
340.0 145.0 25.0 9.0 1
371.0 145.0 25.0 9.0 1
402.0 145.0 25.0 9.0 1
433.0 145.0 25.0 9.0 1
464.0 145.0 25.0 9.0 1
495.0 145.0 25.0 9.0 1
526.0 145.0 25.0 9.0 1
557.0 145.0 25.0 9.0 1
588.0 145.0 25.0 9.0 1
619.0 145.0 25.0 9.0 1
30.0 158.0 25.0 9.0 1
61.0 158.0 25.0 9.0 1
92.0 158.0 25.0 9.0 1
123.0 158.0 25.0 9.0 1
154.0 158.0 25.0 9.0 1
185.0 158.0 25.0 9.0 1
216.0 158.0 25.0 9.0 1
247.0 158.0 25.0 9.0 1
278.0 158.0 25.0 9.0 1
309.0 158.0 25.0 9.0 1
340.0 158.0 25.0 9.0 1
371.0 158.0 25.0 9.0 1
402.0 158.0 25.0 9.0 1
433.0 158.0 25.0 9.0 1
464.0 158.0 25.0 9.0 1
495.0 158.0 25.0 9.0 1
526.0 158.0 25.0 9.0 1
557.0 158.0 25.0 9.0 1
588.0 158.0 25.0 9.0 1
619.0 158.0 25.0 9.0 1
30.0 171.0 25.0 9.0 1
61.0 171.0 25.0 9.0 1
92.0 171.0 25.0 9.0 1
123.0 171.0 25.0 9.0 1
154.0 171.0 25.0 9.0 1
185.0 171.0 25.0 9.0 1
216.0 171.0 25.0 9.0 1
247.0 171.0 25.0 9.0 1
278.0 171.0 25.0 9.0 1
309.0 171.0 25.0 9.0 1
340.0 171.0 25.0 9.0 1
371.0 171.0 25.0 9.0 1
402.0 171.0 25.0 9.0 1
433.0 171.0 25.0 9.0 1
464.0 171.0 25.0 9.0 1
495.0 171.0 25.0 9.0 1
526.0 171.0 25.0 9.0 1
557.0 171.0 25.0 9.0 1
588.0 171.0 25.0 9.0 1
619.0 171.0 25.0 9.0 1
30.0 184.0 25.0 9.0 1
61.0 184.0 25.0 9.0 1
92.0 184.0 25.0 9.0 1
123.0 184.0 25.0 9.0 1
154.0 184.0 25.0 9.0 1
185.0 184.0 25.0 9.0 1
216.0 184.0 25.0 9.0 1
247.0 184.0 25.0 9.0 1
278.0 184.0 25.0 9.0 1
309.0 184.0 25.0 9.0 1
340.0 184.0 25.0 9.0 1
371.0 184.0 25.0 9.0 1
402.0 184.0 25.0 9.0 1
433.0 184.0 25.0 9.0 1
464.0 184.0 25.0 9.0 1
495.0 184.0 25.0 9.0 1
526.0 184.0 25.0 9.0 1
557.0 184.0 25.0 9.0 1
588.0 184.0 25.0 9.0 1
619.0 184.0 25.0 9.0 1
30.0 197.0 25.0 9.0 1
61.0 197.0 25.0 9.0 1
92.0 197.0 25.0 9.0 1
123.0 197.0 25.0 9.0 1
154.0 197.0 25.0 9.0 1
185.0 197.0 25.0 9.0 1
216.0 197.0 25.0 9.0 1
247.0 197.0 25.0 9.0 1
278.0 197.0 25.0 9.0 1
309.0 197.0 25.0 9.0 1
340.0 197.0 25.0 9.0 1
371.0 197.0 25.0 9.0 1
402.0 197.0 25.0 9.0 1
433.0 197.0 25.0 9.0 1
464.0 197.0 25.0 9.0 1
495.0 197.0 25.0 9.0 1
526.0 197.0 25.0 9.0 1
557.0 197.0 25.0 9.0 1
588.0 197.0 25.0 9.0 1
619.0 197.0 25.0 9.0 1
30.0 210.0 25.0 9.0 1
61.0 210.0 25.0 9.0 1
92.0 210.0 25.0 9.0 1
123.0 210.0 25.0 9.0 1
154.0 210.0 25.0 9.0 1
185.0 210.0 25.0 9.0 4
216.0 210.0 25.0 9.0 1
247.0 210.0 25.0 9.0 1
278.0 210.0 25.0 9.0 1
309.0 210.0 25.0 9.0 1
340.0 210.0 25.0 9.0 1
371.0 210.0 25.0 9.0 1
402.0 210.0 25.0 9.0 1
433.0 210.0 25.0 9.0 1
464.0 210.0 25.0 9.0 1
495.0 210.0 25.0 9.0 1
526.0 210.0 25.0 9.0 1
557.0 210.0 25.0 9.0 1
588.0 210.0 25.0 9.0 1
619.0 210.0 25.0 9.0 1
30.0 223.0 25.0 9.0 1
61.0 223.0 25.0 9.0 1
92.0 223.0 25.0 9.0 1
123.0 223.0 25.0 9.0 1
154.0 223.0 25.0 9.0 1
185.0 223.0 25.0 9.0 1
216.0 223.0 25.0 9.0 1
247.0 223.0 25.0 9.0 1
278.0 223.0 25.0 9.0 1
309.0 223.0 25.0 9.0 1
340.0 223.0 25.0 9.0 3
371.0 223.0 25.0 9.0 1
402.0 223.0 25.0 9.0 1
433.0 223.0 25.0 9.0 1
464.0 223.0 25.0 9.0 1
495.0 223.0 25.0 9.0 1
526.0 223.0 25.0 9.0 1
557.0 223.0 25.0 9.0 1
588.0 223.0 25.0 9.0 1
619.0 223.0 25.0 9.0 1
30.0 236.0 25.0 9.0 1
61.0 236.0 25.0 9.0 1
92.0 236.0 25.0 9.0 1
123.0 236.0 25.0 9.0 1
154.0 236.0 25.0 9.0 1
185.0 236.0 25.0 9.0 1
216.0 236.0 25.0 9.0 1
247.0 236.0 25.0 9.0 4
278.0 236.0 25.0 9.0 1
309.0 236.0 25.0 9.0 1
340.0 236.0 25.0 9.0 1
371.0 236.0 25.0 9.0 1
402.0 236.0 25.0 9.0 1
433.0 236.0 25.0 9.0 1
464.0 236.0 25.0 9.0 1
495.0 236.0 25.0 9.0 1
526.0 236.0 25.0 9.0 1
557.0 236.0 25.0 9.0 1
588.0 236.0 25.0 9.0 1
619.0 236.0 25.0 9.0 1
30.0 249.0 25.0 9.0 1
61.0 249.0 25.0 9.0 1
92.0 249.0 25.0 9.0 1
123.0 249.0 25.0 9.0 1
154.0 249.0 25.0 9.0 1
185.0 249.0 25.0 9.0 1
216.0 249.0 25.0 9.0 1
247.0 249.0 25.0 9.0 1
278.0 249.0 25.0 9.0 1
309.0 249.0 25.0 9.0 1
340.0 249.0 25.0 9.0 1
371.0 249.0 25.0 9.0 1
402.0 249.0 25.0 9.0 4
433.0 249.0 25.0 9.0 1
464.0 249.0 25.0 9.0 1
495.0 249.0 25.0 9.0 1
526.0 249.0 25.0 9.0 1
557.0 249.0 25.0 9.0 1
588.0 249.0 25.0 9.0 1
619.0 249.0 25.0 9.0 1
